1,8.622771139598102e-29,4.608305264359319e-20,[0.05011986196041107, 0.05011986196041107, 2.650056660235162e-16]
2,8.502667139000576e-29,5.542412218899323e-21,[0.039877988398075104, 0.039877988398075104, 5.525871427103368e-12]
3,4.336809785458309e-37,3.73710381684874e-38,[0.06140055134892464, 0.061146680265665054, 0.25387030839920044]
4,4.336809785458309e-37,3.7383638644278607e-38,[0.061400558799505234, 0.061146803200244904, 0.25375449657440186]
5,4.336809785458309e-37,3.739836348854173e-38,[0.061400555074214935, 0.06114687770605087, 0.25367751717567444]
6,4.336809785458309e-37,3.741050714103357e-38,[0.06140056625008583, 0.06114693731069565, 0.253627747297287]
7,4.336809785458309e-37,3.7424360377651886e-38,[0.06140056997537613, 0.06114697828888893, 0.25359344482421875]
8,4.336809785458309e-37,3.743664135739323e-38,[0.061400577425956726, 0.06114700809121132, 0.2535695433616638]
9,4.336809785458309e-37,3.7446781153081083e-38,[0.061400577425956726, 0.06114702671766281, 0.25355225801467896]
10,4.336809785458309e-37,3.745263858066196e-38,[0.06140059232711792, 0.0611470490694046, 0.25354403257369995]
11,4.336809785458309e-37,3.7455783094415906e-38,[0.06140058860182762, 0.0611470565199852, 0.25353187322616577]
12,4.336809785458309e-37,3.7452649791049676e-38,[0.06140059232711792, 0.061147067695856094, 0.25352317094802856]
13,4.336809785458309e-37,3.743867043756957e-38,[0.06140058860182762, 0.06114707142114639, 0.2535175681114197]
14,4.336809785458309e-37,3.7402326360598843e-38,[0.061400577425956726, 0.061147063970565796, 0.25351518392562866]
15,4.336809785458309e-37,3.730584976392701e-38,[0.06140054762363434, 0.06114703416824341, 0.2535135746002197]
16,4.336809785458309e-37,3.666835425095479e-38,[0.06140018627047539, 0.06114663928747177, 0.25354689359664917]
17,4.336809785458309e-37,3.767851388012648e-38,[0.06140056252479553, 0.061147041618824005, 0.2535219192504883]
18,4.336809785458309e-37,3.761985832900677e-38,[0.06140051782131195, 0.061146996915340424, 0.25352075695991516]
19,4.336809785458309e-37,3.782746910428728e-38,[0.06140004098415375, 0.061146508902311325, 0.2535322904586792]
20,5.4130230593349755e-36,0.0,[0.07177117466926575, 0.06114712357521057, 10.624049186706543]
21,5.0667088921963426e-36,0.0,[0.07175703346729279, 0.06114712357521057, 10.60991096496582]
22,4.547905780596183e-36,0.0,[0.0717335119843483, 0.06114712357521057, 10.586389541625977]
23,4.172946830769208e-36,0.0,[0.07171432673931122, 0.06114712357521057, 10.567198753356934]
24,3.6382099018532305e-36,0.0,[0.0716828927397728, 0.06114712357521057, 10.535765647888184]
25,2.9430996774190543e-36,0.0,[0.07163144648075104, 0.06114712357521057, 10.484320640563965]
26,2.9430996774190543e-36,0.0,[0.07163144648075104, 0.06114712357521057, 10.484320640563965]
27,2.9430996774190543e-36,0.0,[0.07163144648075104, 0.06114712357521057, 10.484318733215332]
28,2.9430996774190543e-36,0.0,[0.07163144648075104, 0.06114712357521057, 10.484318733215332]
29,2.9430996774190543e-36,0.0,[0.07163143903017044, 0.06114712357521057, 10.484317779541016]
30,2.9430996774190543e-36,0.0,[0.07163143903017044, 0.06114712357521057, 10.4843168258667]
31,2.9430996774190543e-36,0.0,[0.07163143903017044, 0.06114712357521057, 10.484315872192383]
32,2.9430996774190543e-36,0.0,[0.07163144648075104, 0.06114712357521057, 10.484320640563965]
33,2.9430996774190543e-36,0.0,[0.07163144648075104, 0.06114712357521057, 10.484318733215332]
34,2.9430996774190543e-36,0.0,[0.07163143903017044, 0.06114712357521057, 10.4843168258667]
35,2.9430996774190543e-36,0.0,[0.07163143903017044, 0.06114712357521057, 10.484315872192383]
36,2.9430996774190543e-36,0.0,[0.07163144648075104, 0.06114712357521057, 10.484318733215332]
37,2.9430996774190543e-36,0.0,[0.07163144648075104, 0.06114712357521057, 10.484318733215332]
38,2.9430996774190543e-36,0.0,[0.07163144648075104, 0.06114712357521057, 10.484318733215332]
39,2.9430996774190543e-36,0.0,[0.07163144648075104, 0.06114712357521057, 10.484318733215332]
40,2.9430996774190543e-36,0.0,[0.07163143903017044, 0.06114712357521057, 10.484317779541016]
41,2.9430996774190543e-36,0.0,[0.07163144648075104, 0.06114712357521057, 10.484318733215332]
42,2.9430996774190543e-36,0.0,[0.07163144648075104, 0.06114712357521057, 10.484318733215332]
43,2.9430996774190543e-36,0.0,[0.07163144648075104, 0.06114712357521057, 10.484322547912598]
44,2.9430996774190543e-36,0.0,[0.07163144648075104, 0.06114712357521057, 10.484326362609863]
